0,0,certified,0.5
1,1,certified,0.007732812500000019
2,3,certified,0.0038664062500000096
3,6,certified,0.007732812500000019
4,7,certified,0.0038664062500000096
5,15,certified,0.0038664062500000096
6,22,certified,0.007732812500000019
7,23,certified,0.0038664062500000096
8,24,certified,0.007732812500000019
9,25,certified,0.007732812500000019
10,27,certified,0.0038664062500000096
11,30,certified,0.0038664062500000096
12,31,certified,0.0038664062500000096
13,60,certified,0.0038664062500000096
14,61,certified,0.0038664062500000096
15,63,certified,0.0038664062500000096
16,105,certified,0.0038664062500000096
17,107,certified,0.0038664062500000096
18,111,certified,0.0038664062500000096
19,126,certified,0.0038664062500000096
20,127,certified,0.0038664062500000096
21,255,certified,0.0019332031250000048
22,278,certified,0.0038664062500000096
23,279,certified,0.0038664062500000096
24,280,certified,0.007732812500000019
25,281,certified,0.0038664062500000096
26,282,certified,0.007732812500000019
27,283,certified,0.0038664062500000096
28,286,certified,0.0038664062500000096
29,287,certified,0.0038664062500000096
30,300,certified,0.007732812500000019
31,301,certified,0.0038664062500000096
32,303,certified,0.0038664062500000096
33,316,certified,0.0038664062500000096
34,317,certified,0.0038664062500000096
35,318,certified,0.0038664062500000096
36,319,certified,0.0038664062500000096
37,360,certified,0.007732812500000019
38,361,certified,0.0038664062500000096
39,362,certified,0.0038664062500000096
40,363,certified,0.0038664062500000096
41,366,certified,0.0038664062500000096
42,367,certified,0.0038664062500000096
43,382,certified,0.0038664062500000096
44,383,certified,0.0038664062500000096
45,384,certified,0.007732812500000019
46,385,certified,0.007732812500000019
47,386,certified,0.007732812500000019
48,387,certified,0.007732812500000019
49,390,certified,0.007732812500000019
50,391,certified,0.0038664062500000096
51,393,certified,0.007732812500000019
52,395,certified,0.0038664062500000096
53,399,certified,0.0038664062500000096
54,406,certified,0.0038664062500000096
55,407,certified,0.0038664062500000096
56,408,certified,0.007732812500000019
57,409,certified,0.0038664062500000096
58,410,certified,0.0038664062500000096
59,411,certified,0.0038664062500000096
60,414,certified,0.0038664062500000096
61,415,certified,0.0038664062500000096
62,424,certified,0.007732812500000019
63,425,certified,0.0038664062500000096
64,426,certified,0.0038664062500000096
65,427,certified,0.0038664062500000096
66,428,certified,0.0038664062500000096
67,429,certified,0.0038664062500000096
68,430,certified,0.0038664062500000096
69,431,certified,0.0038664062500000096
70,444,certified,0.0038664062500000096
71,445,certified,0.0038664062500000096
72,446,certified,0.0038664062500000096
73,447,certified,0.0038664062500000096
74,488,certified,0.0038664062500000096
75,489,certified,0.0038664062500000096
76,490,certified,0.0038664062500000096
77,491,certified,0.0038664062500000096
78,494,certified,0.0038664062500000096
79,495,certified,0.0038664062500000096
80,510,certified,0.0038664062500000096
81,511,certified,0.0019332031250000048
82,828,certified,0.0038664062500000096
83,829,certified,0.0038664062500000096
84,831,certified,0.0038664062500000096
85,854,certified,0.0038664062500000096
86,855,certified,0.0038664062500000096
87,856,certified,0.007732812500000019
88,857,certified,0.0038664062500000096
89,858,certified,0.0038664062500000096
90,859,certified,0.0038664062500000096
91,862,certified,0.0038664062500000096
92,863,certified,0.0038664062500000096
93,872,certified,0.007732812500000019
94,873,certified,0.0038664062500000096
95,874,certified,0.0038664062500000096
96,875,certified,0.0038664062500000096
97,876,certified,0.0038664062500000096
98,877,certified,0.0038664062500000096
99,878,certified,0.0038664062500000096
100,879,certified,0.0038664062500000096
101,892,certified,0.0038664062500000096
102,893,certified,0.0038664062500000096
103,894,certified,0.0038664062500000096
104,895,certified,0.0038664062500000096
105,960,certified,0.007732812500000019
106,961,certified,0.007732812500000019
107,963,certified,0.0038664062500000096
108,965,certified,0.0038664062500000096
109,966,certified,0.0038664062500000096
110,967,certified,0.0038664062500000096
111,975,certified,0.0038664062500000096
112,980,certified,0.0038664062500000096
113,981,certified,0.0038664062500000096
114,982,certified,0.0038664062500000096
115,983,certified,0.0038664062500000096
116,984,certified,0.007732812500000019
117,985,certified,0.0038664062500000096
118,987,certified,0.0038664062500000096
119,988,certified,0.0038664062500000096
120,989,certified,0.0038664062500000096
121,990,certified,0.0038664062500000096
122,991,certified,0.0038664062500000096
123,1020,certified,0.0038664062500000096
124,1021,certified,0.0038664062500000096
125,1023,certified,0.0019332031250000048
126,1632,certified,0.007732812500000019
127,1633,certified,0.007732812500000019
128,1634,certified,0.007732812500000019
129,1635,certified,0.0038664062500000096
130,1638,certified,0.0038664062500000096
131,1639,certified,0.0038664062500000096
132,1641,certified,0.0038664062500000096
133,1643,certified,0.0038664062500000096
134,1647,certified,0.0038664062500000096
135,1650,certified,0.0038664062500000096
136,1651,certified,0.0038664062500000096
137,1654,certified,0.0038664062500000096
138,1655,certified,0.0038664062500000096
139,1656,certified,0.007732812500000019
140,1657,certified,0.0038664062500000096
141,1658,certified,0.0038664062500000096
142,1659,certified,0.0038664062500000096
143,1662,certified,0.0038664062500000096
144,1663,certified,0.0038664062500000096
145,1680,certified,0.007732812500000019
146,1681,certified,0.007732812500000019
147,1683,certified,0.0038664062500000096
148,1686,certified,0.0038664062500000096
149,1687,certified,0.0038664062500000096
150,1695,certified,0.0038664062500000096
151,1712,certified,0.007732812500000019
152,1713,certified,0.0038664062500000096
153,1714,certified,0.0038664062500000096
154,1715,certified,0.0038664062500000096
155,1716,certified,0.007732812500000019
156,1717,certified,0.0038664062500000096
157,1718,certified,0.0038664062500000096
158,1719,certified,0.0038664062500000096
159,1721,certified,0.0038664062500000096
160,1723,certified,0.0038664062500000096
161,1725,certified,0.0038664062500000096
162,1727,certified,0.0038664062500000096
163,1776,certified,0.0038664062500000096
164,1777,certified,0.0038664062500000096
165,1778,certified,0.0038664062500000096
166,1779,certified,0.0038664062500000096
167,1782,certified,0.0038664062500000096
168,1783,certified,0.0038664062500000096
169,1785,certified,0.0038664062500000096
170,1787,certified,0.0038664062500000096
171,1791,certified,0.0019332031250000048
172,1910,certified,0.0038664062500000096
173,1911,certified,0.0038664062500000096
174,1912,certified,0.0038664062500000096
175,1913,certified,0.0038664062500000096
176,1914,certified,0.0038664062500000096
177,1915,certified,0.0038664062500000096
178,1918,certified,0.0038664062500000096
179,1919,certified,0.0019332031250000048
180,1968,certified,0.007732812500000019
181,1969,certified,0.0038664062500000096
182,1971,certified,0.0038664062500000096
183,1972,certified,0.0038664062500000096
184,1973,certified,0.0038664062500000096
185,1974,certified,0.0038664062500000096
186,1975,certified,0.0038664062500000096
187,1980,certified,0.0038664062500000096
188,1981,certified,0.0038664062500000096
189,1983,certified,0.0019332031250000048
190,2016,certified,0.007732812500000019
191,2017,certified,0.0038664062500000096
192,2018,certified,0.0038664062500000096
193,2019,certified,0.0038664062500000096
194,2022,certified,0.0038664062500000096
195,2023,certified,0.0038664062500000096
196,2025,certified,0.0038664062500000096
197,2027,certified,0.0038664062500000096
198,2031,certified,0.0038664062500000096
199,2032,certified,0.0038664062500000096
200,2033,certified,0.0038664062500000096
201,2034,certified,0.0038664062500000096
202,2035,certified,0.0038664062500000096
203,2038,certified,0.0038664062500000096
204,2039,certified,0.0038664062500000096
205,2040,certified,0.0038664062500000096
206,2041,certified,0.0038664062500000096
207,2042,certified,0.0038664062500000096
208,2043,certified,0.0038664062500000096
209,2046,certified,0.0038664062500000096
210,2047,certified,0.0019332031250000048
211,4080,certified,0.0038664062500000096
212,4081,certified,0.0038664062500000096
213,4083,certified,0.0038664062500000096
214,4086,certified,0.0038664062500000096
215,4087,certified,0.0019332031250000048
216,4095,certified,0.0019332031250000048
217,5736,certified,0.007732812500000019
218,5737,certified,0.0038664062500000096
219,5738,certified,0.0038664062500000096
220,5739,certified,0.0038664062500000096
221,5742,certified,0.0038664062500000096
222,5743,certified,0.0038664062500000096
223,5758,certified,0.0038664062500000096
224,5759,certified,0.0038664062500000096
225,5761,certified,0.007732812500000019
226,5763,certified,0.0038664062500000096
227,5766,certified,0.007732812500000019
228,5767,certified,0.0038664062500000096
229,5769,certified,0.007732812500000019
230,5771,certified,0.0038664062500000096
231,5774,certified,0.0038664062500000096
232,5775,certified,0.0038664062500000096
233,5782,certified,0.0038664062500000096
234,5783,certified,0.0038664062500000096
235,5784,certified,0.007732812500000019
236,5785,certified,0.0038664062500000096
237,5786,certified,0.0038664062500000096
238,5787,certified,0.0038664062500000096
239,5790,certified,0.0038664062500000096
240,5791,certified,0.0038664062500000096
241,5801,certified,0.0038664062500000096
242,5803,certified,0.0038664062500000096
243,5804,certified,0.0038664062500000096
244,5805,certified,0.0038664062500000096
245,5806,certified,0.0038664062500000096
246,5807,certified,0.0038664062500000096
247,5820,certified,0.0038664062500000096
248,5821,certified,0.0038664062500000096
249,5822,certified,0.0038664062500000096
250,5823,certified,0.0038664062500000096
251,5865,certified,0.0038664062500000096
252,5866,certified,0.0038664062500000096
253,5867,certified,0.0038664062500000096
254,5870,certified,0.0038664062500000096
255,5871,certified,0.0038664062500000096
256,5886,certified,0.0038664062500000096
257,5887,certified,0.0019332031250000048
258,6014,certified,0.0038664062500000096
259,6015,certified,0.0019332031250000048
260,6017,certified,0.0038664062500000096
261,6019,certified,0.0038664062500000096
262,6023,certified,0.0038664062500000096
263,6025,certified,0.0038664062500000096
264,6027,certified,0.0038664062500000096
265,6030,certified,0.0038664062500000096
266,6031,certified,0.0038664062500000096
267,6038,certified,0.0038664062500000096
268,6039,certified,0.0038664062500000096
269,6040,certified,0.0038664062500000096
270,6041,certified,0.0038664062500000096
271,6042,certified,0.0038664062500000096
272,6043,certified,0.0038664062500000096
273,6046,certified,0.0038664062500000096
274,6047,certified,0.0038664062500000096
275,6057,certified,0.0038664062500000096
276,6059,certified,0.0038664062500000096
277,6060,certified,0.0038664062500000096
278,6061,certified,0.0038664062500000096
279,6062,certified,0.0038664062500000096
280,6063,certified,0.0038664062500000096
281,6076,certified,0.0038664062500000096
282,6077,certified,0.0038664062500000096
283,6078,certified,0.0038664062500000096
284,6079,certified,0.0019332031250000048
285,6120,certified,0.0038664062500000096
286,6121,certified,0.0038664062500000096
287,6122,certified,0.0038664062500000096
288,6123,certified,0.0038664062500000096
289,6126,certified,0.0038664062500000096
290,6127,certified,0.0019332031250000048
291,6142,certified,0.0038664062500000096
292,6143,certified,0.0019332031250000048
293,6375,certified,0.0038664062500000096
294,6383,certified,0.0038664062500000096
295,6399,certified,0.0019332031250000048
296,6625,certified,0.0038664062500000096
297,6627,certified,0.0038664062500000096
298,6630,certified,0.0038664062500000096
299,6631,certified,0.0038664062500000096
300,6633,certified,0.0038664062500000096
301,6634,certified,0.0038664062500000096
302,6635,certified,0.0038664062500000096
303,6638,certified,0.0038664062500000096
304,6639,certified,0.0038664062500000096
305,6641,certified,0.0038664062500000096
306,6643,certified,0.0038664062500000096
307,6646,certified,0.0038664062500000096
308,6647,certified,0.0038664062500000096
309,6648,certified,0.0038664062500000096
310,6649,certified,0.0038664062500000096
311,6650,certified,0.0038664062500000096
312,6651,certified,0.0038664062500000096
313,6654,certified,0.0038664062500000096
314,6655,certified,0.0019332031250000048
315,7126,certified,0.0038664062500000096
316,7127,certified,0.0038664062500000096
317,7128,certified,0.0038664062500000096
318,7129,certified,0.0038664062500000096
319,7131,certified,0.0038664062500000096
320,7134,certified,0.0038664062500000096
321,7135,certified,0.0019332031250000048
322,7140,certified,0.0038664062500000096
323,7141,certified,0.0038664062500000096
324,7143,certified,0.0038664062500000096
325,7148,certified,0.0038664062500000096
326,7149,certified,0.0038664062500000096
327,7150,certified,0.0038664062500000096
328,7151,certified,0.0019332031250000048
329,7164,certified,0.0038664062500000096
330,7165,certified,0.0038664062500000096
331,7167,certified,0.0019332031250000048
332,7905,certified,0.0038664062500000096
333,7907,certified,0.0038664062500000096
334,7910,certified,0.0038664062500000096
335,7911,certified,0.0038664062500000096
336,7913,certified,0.0038664062500000096
337,7915,certified,0.0038664062500000096
338,7918,certified,0.0038664062500000096
339,7919,certified,0.0019332031250000048
340,7921,certified,0.0038664062500000096
341,7923,certified,0.0038664062500000096
342,7926,certified,0.0038664062500000096
343,7927,certified,0.0038664062500000096
344,7929,certified,0.0038664062500000096
345,7930,certified,0.0038664062500000096
346,7931,certified,0.0038664062500000096
347,7934,certified,0.0038664062500000096
348,7935,certified,0.0019332031250000048
349,8177,certified,0.0038664062500000096
350,8178,certified,0.0038664062500000096
351,8179,certified,0.0038664062500000096
352,8182,certified,0.0038664062500000096
353,8183,certified,0.0019332031250000048
354,8184,certified,0.0038664062500000096
355,8185,certified,0.0038664062500000096
356,8186,certified,0.0038664062500000096
357,8187,certified,0.0019332031250000048
358,8190,certified,0.0019332031250000048
359,8191,certified,0.0019332031250000048
360,15555,certified,0.0038664062500000096
361,15559,certified,0.0038664062500000096
362,15567,certified,0.0038664062500000096
363,15575,certified,0.0038664062500000096
364,15579,certified,0.0038664062500000096
365,15583,certified,0.0038664062500000096
366,15615,certified,0.0019332031250000048
367,15830,certified,0.0038664062500000096
368,15831,certified,0.0038664062500000096
369,15834,certified,0.0038664062500000096
370,15835,certified,0.0038664062500000096
371,15838,certified,0.0038664062500000096
372,15839,certified,0.0019332031250000048
373,15853,certified,0.0038664062500000096
374,15855,certified,0.0019332031250000048
375,15869,certified,0.0019332031250000048
376,15870,certified,0.0019332031250000048
377,15871,certified,0.0019332031250000048
378,16380,certified,0.0038664062500000096
379,16381,certified,0.0019332031250000048
380,16383,certified,0.0009666015625000024
381,27030,certified,0.0038664062500000096
382,27031,certified,0.0038664062500000096
383,27039,certified,0.0038664062500000096
384,27071,certified,0.0038664062500000096
385,27135,certified,0.0019332031250000048
386,27581,certified,0.0038664062500000096
387,27583,certified,0.0019332031250000048
388,27606,certified,0.0038664062500000096
389,27607,certified,0.0038664062500000096
390,27615,certified,0.0019332031250000048
391,27645,certified,0.0019332031250000048
392,27647,certified,0.0019332031250000048
393,28662,certified,0.0038664062500000096
394,28663,certified,0.0019332031250000048
395,28665,certified,0.0038664062500000096
396,28667,certified,0.0019332031250000048
397,28671,certified,0.0009666015625000024
398,32511,certified,0.0019332031250000048
399,32766,certified,0.0019332031250000048
400,32767,certified,0.0009666015624999998
401,65535,dictator,-1.0
402,65814,certified,0.0038664062500000096
403,65815,certified,0.0038664062500000096
404,65816,certified,0.007732812500000019
405,65817,certified,0.0038664062500000096
406,65818,certified,0.0038664062500000096
407,65819,certified,0.0038664062500000096
408,65822,certified,0.0038664062500000096
409,65823,certified,0.0038664062500000096
410,65832,certified,0.007732812500000019
411,65833,certified,0.0038664062500000096
412,65835,certified,0.0038664062500000096
413,65836,certified,0.007732812500000019
414,65837,certified,0.0038664062500000096
415,65838,certified,0.0038664062500000096
416,65839,certified,0.0038664062500000096
417,65852,certified,0.0038664062500000096
418,65853,certified,0.0038664062500000096
419,65854,certified,0.0038664062500000096
420,65855,certified,0.0038664062500000096
421,65896,certified,0.007732812500000019
422,65897,certified,0.0038664062500000096
423,65898,certified,0.007732812500000019
424,65899,certified,0.0038664062500000096
425,65902,certified,0.0038664062500000096
426,65903,certified,0.0038664062500000096
427,65918,certified,0.0038664062500000096
428,65919,certified,0.0038664062500000096
429,65920,certified,0.007732812500000019
430,65921,certified,0.007732812500000019
431,65922,certified,0.007732812500000019
432,65923,certified,0.0038664062500000096
433,65926,certified,0.007732812500000019
434,65927,certified,0.0038664062500000096
435,65928,certified,0.007732812500000019
436,65929,certified,0.007732812500000019
437,65930,certified,0.007732812500000019
438,65931,certified,0.0038664062500000096
439,65934,certified,0.0038664062500000096
440,65935,certified,0.0038664062500000096
441,65942,certified,0.0038664062500000096
442,65943,certified,0.0038664062500000096
443,65944,certified,0.007732812500000019
444,65945,certified,0.0038664062500000096
445,65946,certified,0.007732812500000019
446,65947,certified,0.0038664062500000096
447,65950,certified,0.0038664062500000096
448,65951,certified,0.0038664062500000096
449,65960,certified,0.007732812500000019
450,65961,certified,0.007732812500000019
451,65962,certified,0.0038664062500000096
452,65963,certified,0.0038664062500000096
453,65964,certified,0.007732812500000019
454,65965,certified,0.0038664062500000096
455,65966,certified,0.0038664062500000096
456,65967,certified,0.0038664062500000096
457,65980,certified,0.0038664062500000096
458,65981,certified,0.0038664062500000096
459,65982,certified,0.0038664062500000096
460,65983,certified,0.0038664062500000096
461,66024,certified,0.007732812500000019
462,66025,certified,0.0038664062500000096
463,66026,certified,0.0038664062500000096
464,66027,certified,0.0038664062500000096
465,66030,certified,0.0038664062500000096
466,66031,certified,0.0038664062500000096
467,66046,certified,0.0038664062500000096
468,66047,certified,0.0019332031250000048
469,66108,certified,0.007732812500000019
470,66109,certified,0.0038664062500000096
471,66111,certified,0.0038664062500000096
472,66112,certified,0.007732812500000019
473,66113,certified,0.007732812500000019
474,66114,certified,0.007732812500000019
475,66115,certified,0.0038664062500000096
476,66118,certified,0.007732812500000019
477,66119,certified,0.0038664062500000096
478,66120,certified,0.007732812500000019
479,66121,certified,0.007732812500000019
480,66122,certified,0.007732812500000019
481,66123,certified,0.0038664062500000096
482,66126,certified,0.0038664062500000096
483,66127,certified,0.0038664062500000096
484,66132,certified,0.007732812500000019
485,66133,certified,0.0038664062500000096
486,66134,certified,0.0038664062500000096
487,66135,certified,0.0038664062500000096
488,66136,certified,0.007732812500000019
489,66137,certified,0.0038664062500000096
490,66138,certified,0.007732812500000019
491,66139,certified,0.0038664062500000096
492,66140,certified,0.007732812500000019
493,66141,certified,0.0038664062500000096
494,66142,certified,0.0038664062500000096
495,66143,certified,0.0038664062500000096
496,66152,certified,0.007732812500000019
497,66153,certified,0.007732812500000019
498,66154,certified,0.0038664062500000096
499,66155,certified,0.0038664062500000096
500,66156,certified,0.007732812500000019
501,66157,certified,0.0038664062500000096
502,66158,certified,0.0038664062500000096
503,66159,certified,0.0038664062500000096
504,66172,certified,0.0038664062500000096
505,66173,certified,0.0038664062500000096
506,66174,certified,0.0038664062500000096
507,66175,certified,0.0038664062500000096
508,66240,certified,0.007732812500000019
509,66241,certified,0.007732812500000019
510,66243,certified,0.007732812500000019
511,66244,certified,0.007732812500000019
512,66245,certified,0.007732812500000019
513,66246,certified,0.007732812500000019
514,66247,certified,0.0038664062500000096
515,66252,certified,0.007732812500000019
516,66253,certified,0.0038664062500000096
517,66255,certified,0.0038664062500000096
518,66260,certified,0.007732812500000019
519,66261,certified,0.0038664062500000096
520,66262,certified,0.0038664062500000096
521,66263,certified,0.0038664062500000096
522,66264,certified,0.007732812500000019
523,66265,certified,0.0038664062500000096
524,66267,certified,0.0038664062500000096
525,66268,certified,0.0038664062500000096
526,66269,certified,0.0038664062500000096
527,66270,certified,0.0038664062500000096
528,66271,certified,0.0038664062500000096
529,66300,certified,0.0038664062500000096
530,66301,certified,0.0038664062500000096
531,66303,certified,0.0019332031250000048
532,66364,certified,0.0038664062500000096
533,66365,certified,0.0038664062500000096
534,66366,certified,0.0038664062500000096
535,66367,certified,0.0038664062500000096
536,66390,certified,0.0038664062500000096
537,66391,certified,0.0038664062500000096
538,66392,certified,0.007732812500000019
539,66393,certified,0.0038664062500000096
540,66394,certified,0.0038664062500000096
541,66395,certified,0.0038664062500000096
542,66398,certified,0.0038664062500000096
543,66399,certified,0.0038664062500000096
544,66408,certified,0.007732812500000019
545,66409,certified,0.0038664062500000096
546,66410,certified,0.0038664062500000096
547,66411,certified,0.0038664062500000096
548,66412,certified,0.007732812500000019
549,66413,certified,0.0038664062500000096
550,66414,certified,0.0038664062500000096
551,66415,certified,0.0038664062500000096
552,66428,certified,0.0038664062500000096
553,66429,certified,0.0038664062500000096
554,66430,certified,0.0038664062500000096
555,66431,certified,0.0019332031250000048
556,66432,certified,0.007732812500000019
557,66433,certified,0.007732812500000019
558,66434,certified,0.007732812500000019
559,66435,certified,0.0038664062500000096
560,66436,certified,0.007732812500000019
561,66437,certified,0.0038664062500000096
562,66438,certified,0.007732812500000019
563,66439,certified,0.0038664062500000096
564,66440,certified,0.007732812500000019
565,66441,certified,0.007732812500000019
566,66442,certified,0.0038664062500000096
567,66443,certified,0.0038664062500000096
568,66444,certified,0.007732812500000019
569,66445,certified,0.0038664062500000096
570,66446,certified,0.0038664062500000096
571,66447,certified,0.0038664062500000096
572,66452,certified,0.007732812500000019
573,66453,certified,0.0038664062500000096
574,66454,certified,0.0038664062500000096
575,66455,certified,0.0038664062500000096
576,66456,certified,0.007732812500000019
577,66457,certified,0.0038664062500000096
578,66458,certified,0.0038664062500000096
579,66459,certified,0.0038664062500000096
580,66460,certified,0.007732812500000019
581,66461,certified,0.0038664062500000096
582,66462,certified,0.0038664062500000096
583,66463,certified,0.0038664062500000096
584,66472,certified,0.007732812500000019
585,66473,certified,0.0038664062500000096
586,66474,certified,0.0038664062500000096
587,66475,certified,0.0038664062500000096
588,66476,certified,0.007732812500000019
589,66477,certified,0.0038664062500000096
590,66478,certified,0.0038664062500000096
591,66479,certified,0.0038664062500000096
592,66492,certified,0.0038664062500000096
593,66493,certified,0.0038664062500000096
594,66494,certified,0.0038664062500000096
595,66495,certified,0.0038664062500000096
596,66496,certified,0.007732812500000019
597,66497,certified,0.007732812500000019
598,66498,certified,0.007732812500000019
599,66499,certified,0.0038664062500000096
600,66500,certified,0.007732812500000019
601,66501,certified,0.0038664062500000096
602,66502,certified,0.007732812500000019
603,66503,certified,0.0038664062500000096
604,66504,certified,0.007732812500000019
605,66505,certified,0.007732812500000019
606,66506,certified,0.007732812500000019
607,66507,certified,0.0038664062500000096
608,66508,certified,0.007732812500000019
609,66509,certified,0.0038664062500000096
610,66510,certified,0.0038664062500000096
611,66511,certified,0.0038664062500000096
612,66516,certified,0.007732812500000019
613,66517,certified,0.0038664062500000096
614,66518,certified,0.0038664062500000096
615,66519,certified,0.0038664062500000096
616,66520,certified,0.007732812500000019
617,66521,certified,0.0038664062500000096
618,66522,certified,0.0038664062500000096
619,66523,certified,0.0038664062500000096
620,66524,certified,0.0038664062500000096
621,66525,certified,0.0038664062500000096
622,66526,certified,0.0038664062500000096
623,66527,certified,0.0038664062500000096
624,66536,certified,0.007732812500000019
625,66537,certified,0.0038664062500000096
626,66538,certified,0.0038664062500000096
627,66539,certified,0.0038664062500000096
628,66540,certified,0.0038664062500000096
629,66541,certified,0.0038664062500000096
630,66542,certified,0.0038664062500000096
631,66543,certified,0.0038664062500000096
632,66556,certified,0.0038664062500000096
633,66557,certified,0.0038664062500000096
634,66558,certified,0.0038664062500000096
635,66559,certified,0.0019332031250000048
636,67168,certified,0.007732812500000019
637,67169,certified,0.007732812500000019
638,67170,certified,0.007732812500000019
639,67171,certified,0.0038664062500000096
640,67174,certified,0.007732812500000019
641,67175,certified,0.0038664062500000096
642,67176,certified,0.007732812500000019
643,67177,certified,0.007732812500000019
644,67178,certified,0.007732812500000019
645,67179,certified,0.0038664062500000096
646,67182,certified,0.0038664062500000096
647,67183,certified,0.0038664062500000096
648,67186,certified,0.007732812500000019
649,67187,certified,0.0038664062500000096
650,67190,certified,0.0038664062500000096
651,67191,certified,0.0038664062500000096
652,67192,certified,0.007732812500000019
653,67193,certified,0.0038664062500000096
654,67194,certified,0.0038664062500000096
655,67195,certified,0.0038664062500000096
656,67198,certified,0.0038664062500000096
657,67199,certified,0.0038664062500000096
658,67200,certified,0.007732812500000019
659,67201,certified,0.007732812500000019
660,67202,certified,0.007732812500000019
661,67203,certified,0.007732812500000019
662,67206,certified,0.007732812500000019
663,67207,certified,0.0038664062500000096
664,67209,certified,0.007732812500000019
665,67211,certified,0.0038664062500000096
666,67215,certified,0.0038664062500000096
667,67216,certified,0.007732812500000019
668,67217,certified,0.007732812500000019
669,67218,certified,0.007732812500000019
670,67219,certified,0.0038664062500000096
671,67222,certified,0.007732812500000019
672,67223,certified,0.0038664062500000096
673,67224,certified,0.007732812500000019
674,67225,certified,0.007732812500000019
675,67226,certified,0.007732812500000019
676,67227,certified,0.0038664062500000096
677,67230,certified,0.0038664062500000096
678,67231,certified,0.0038664062500000096
679,67232,certified,0.007732812500000019
680,67233,certified,0.007732812500000019
681,67234,certified,0.007732812500000019
682,67235,certified,0.0038664062500000096
683,67236,certified,0.007732812500000019
684,67237,certified,0.007732812500000019
685,67238,certified,0.007732812500000019
686,67239,certified,0.0038664062500000096
687,67240,certified,0.007732812500000019
688,67241,certified,0.007732812500000019
689,67242,certified,0.0038664062500000096
690,67243,certified,0.0038664062500000096
691,67244,certified,0.007732812500000019
692,67245,certified,0.0038664062500000096
693,67246,certified,0.0038664062500000096
694,67247,certified,0.0038664062500000096
695,67248,certified,0.007732812500000019
696,67249,certified,0.007732812500000019
697,67250,certified,0.007732812500000019
698,67251,certified,0.0038664062500000096
699,67252,certified,0.007732812500000019
700,67253,certified,0.0038664062500000096
701,67254,certified,0.0038664062500000096
702,67255,certified,0.0038664062500000096
703,67256,certified,0.007732812500000019
704,67257,certified,0.0038664062500000096
705,67258,certified,0.0038664062500000096
706,67259,certified,0.0038664062500000096
707,67260,certified,0.0038664062500000096
708,67261,certified,0.0038664062500000096
709,67262,certified,0.0038664062500000096
710,67263,certified,0.0038664062500000096
711,67296,certified,0.007732812500000019
712,67297,certified,0.007732812500000019
713,67298,certified,0.007732812500000019
714,67299,certified,0.0038664062500000096
715,67302,certified,0.0038664062500000096
716,67303,certified,0.0038664062500000096
717,67304,certified,0.007732812500000019
718,67305,certified,0.0038664062500000096
719,67306,certified,0.0038664062500000096
720,67307,certified,0.0038664062500000096
721,67310,certified,0.0038664062500000096
722,67311,certified,0.0038664062500000096
723,67312,certified,0.007732812500000019
724,67313,certified,0.0038664062500000096
725,67314,certified,0.0038664062500000096
726,67315,certified,0.0038664062500000096
727,67318,certified,0.0038664062500000096
728,67319,certified,0.0038664062500000096
729,67320,certified,0.0038664062500000096
730,67321,certified,0.0038664062500000096
731,67322,certified,0.0038664062500000096
732,67323,certified,0.0038664062500000096
733,67326,certified,0.0038664062500000096
734,67327,certified,0.0019332031250000048
735,67446,certified,0.0038664062500000096
736,67447,certified,0.0038664062500000096
737,67448,certified,0.0038664062500000096
738,67449,certified,0.0038664062500000096
739,67450,certified,0.0038664062500000096
740,67451,certified,0.0038664062500000096
741,67454,certified,0.0038664062500000096
742,67455,certified,0.0019332031250000048
743,67456,certified,0.007732812500000019
744,67457,certified,0.007732812500000019
745,67458,certified,0.007732812500000019
746,67459,certified,0.0038664062500000096
747,67462,certified,0.0038664062500000096
748,67463,certified,0.0038664062500000096
749,67464,certified,0.007732812500000019
750,67465,certified,0.0038664062500000096
751,67466,certified,0.0038664062500000096
752,67467,certified,0.0038664062500000096
753,67470,certified,0.0038664062500000096
754,67471,certified,0.0038664062500000096
755,67472,certified,0.007732812500000019
756,67473,certified,0.0038664062500000096
757,67474,certified,0.007732812500000019
758,67475,certified,0.0038664062500000096
759,67478,certified,0.0038664062500000096
760,67479,certified,0.0038664062500000096
761,67480,certified,0.007732812500000019
762,67481,certified,0.0038664062500000096
763,67482,certified,0.0038664062500000096
764,67483,certified,0.0038664062500000096
765,67486,certified,0.0038664062500000096
766,67487,certified,0.0038664062500000096
767,67488,certified,0.007732812500000019
768,67489,certified,0.007732812500000019
769,67490,certified,0.007732812500000019
770,67491,certified,0.0038664062500000096
771,67492,certified,0.007732812500000019
772,67493,certified,0.0038664062500000096
773,67494,certified,0.0038664062500000096
774,67495,certified,0.0038664062500000096
775,67496,certified,0.007732812500000019
776,67497,certified,0.0038664062500000096
777,67498,certified,0.0038664062500000096
778,67499,certified,0.0038664062500000096
779,67500,certified,0.0038664062500000096
780,67501,certified,0.0038664062500000096
781,67502,certified,0.0038664062500000096
782,67503,certified,0.0038664062500000096
783,67504,certified,0.007732812500000019
784,67505,certified,0.0038664062500000096
785,67506,certified,0.0038664062500000096
786,67507,certified,0.0038664062500000096
787,67508,certified,0.0038664062500000096
788,67509,certified,0.0038664062500000096
789,67510,certified,0.0038664062500000096
790,67511,certified,0.0038664062500000096
791,67512,certified,0.007732812500000019
792,67513,certified,0.0038664062500000096
793,67514,certified,0.0038664062500000096
794,67515,certified,0.0038664062500000096
795,67516,certified,0.0038664062500000096
796,67517,certified,0.0038664062500000096
797,67518,certified,0.0038664062500000096
798,67519,certified,0.0019332031250000048
799,67552,certified,0.007732812500000019
800,67553,certified,0.0038664062500000096
801,67554,certified,0.007732812500000019
802,67555,certified,0.0038664062500000096
803,67558,certified,0.0038664062500000096
804,67559,certified,0.0038664062500000096
805,67560,certified,0.007732812500000019
806,67561,certified,0.0038664062500000096
807,67562,certified,0.0038664062500000096
808,67563,certified,0.0038664062500000096
809,67566,certified,0.0038664062500000096
810,67567,certified,0.0038664062500000096
811,67568,certified,0.007732812500000019
812,67569,certified,0.0038664062500000096
813,67570,certified,0.0038664062500000096
814,67571,certified,0.0038664062500000096
815,67574,certified,0.0038664062500000096
816,67575,certified,0.0038664062500000096
817,67576,certified,0.0038664062500000096
818,67577,certified,0.0038664062500000096
819,67578,certified,0.0038664062500000096
820,67579,certified,0.0038664062500000096
821,67582,certified,0.0038664062500000096
822,67583,certified,0.0019332031250000048
823,67728,certified,0.007732812500000019
824,67729,certified,0.007732812500000019
825,67730,certified,0.007732812500000019
826,67731,certified,0.007732812500000019
827,67734,certified,0.007732812500000019
828,67735,certified,0.0038664062500000096
829,67737,certified,0.007732812500000019
830,67739,certified,0.0038664062500000096
831,67743,certified,0.0038664062500000096
832,67760,certified,0.007732812500000019
833,67761,certified,0.007732812500000019
834,67762,certified,0.007732812500000019
835,67763,certified,0.0038664062500000096
836,67764,certified,0.007732812500000019
837,67765,certified,0.0038664062500000096
838,67766,certified,0.0038664062500000096
839,67767,certified,0.0038664062500000096
840,67769,certified,0.0038664062500000096
841,67771,certified,0.0038664062500000096
842,67773,certified,0.0038664062500000096
843,67775,certified,0.0038664062500000096
844,67824,certified,0.007732812500000019
845,67825,certified,0.0038664062500000096
846,67826,certified,0.0038664062500000096
847,67827,certified,0.0038664062500000096
848,67830,certified,0.0038664062500000096
849,67831,certified,0.0038664062500000096
850,67833,certified,0.0038664062500000096
851,67835,certified,0.0038664062500000096
852,67839,certified,0.0038664062500000096
853,67984,certified,0.007732812500000019
854,67985,certified,0.007732812500000019
855,67986,certified,0.007732812500000019
856,67987,certified,0.0038664062500000096
857,67990,certified,0.007732812500000019
858,67991,certified,0.0038664062500000096
859,67992,certified,0.007732812500000019
860,67993,certified,0.0038664062500000096
861,67994,certified,0.007732812500000019
862,67995,certified,0.0038664062500000096
863,67998,certified,0.0038664062500000096
864,67999,certified,0.0038664062500000096
865,68000,certified,0.007732812500000019
866,68001,certified,0.007732812500000019
867,68002,certified,0.007732812500000019
868,68003,certified,0.0038664062500000096
869,68004,certified,0.007732812500000019
870,68005,certified,0.007732812500000019
871,68006,certified,0.007732812500000019
872,68007,certified,0.0038664062500000096
873,68008,certified,0.007732812500000019
874,68009,certified,0.007732812500000019
875,68010,certified,0.0038664062500000096
876,68011,certified,0.0038664062500000096
877,68012,certified,0.007732812500000019
878,68013,certified,0.0038664062500000096
879,68014,certified,0.0038664062500000096
880,68015,certified,0.0038664062500000096
881,68016,certified,0.007732812500000019
882,68017,certified,0.0038664062500000096
883,68018,certified,0.007732812500000019
884,68019,certified,0.0038664062500000096
885,68020,certified,0.007732812500000019
886,68021,certified,0.0038664062500000096
887,68022,certified,0.0038664062500000096
888,68023,certified,0.0038664062500000096
889,68024,certified,0.007732812500000019
890,68025,certified,0.0038664062500000096
891,68026,certified,0.0038664062500000096
892,68027,certified,0.0038664062500000096
893,68028,certified,0.0038664062500000096
894,68029,certified,0.0038664062500000096
895,68030,certified,0.0038664062500000096
896,68031,certified,0.0038664062500000096
897,68064,certified,0.007732812500000019
898,68065,certified,0.007732812500000019
899,68066,certified,0.007732812500000019
900,68067,certified,0.0038664062500000096
901,68070,certified,0.0038664062500000096
902,68071,certified,0.0038664062500000096
903,68072,certified,0.007732812500000019
904,68073,certified,0.0038664062500000096
905,68074,certified,0.0038664062500000096
906,68075,certified,0.0038664062500000096
907,68078,certified,0.0038664062500000096
908,68079,certified,0.0038664062500000096
909,68080,certified,0.007732812500000019
910,68081,certified,0.0038664062500000096
911,68082,certified,0.0038664062500000096
912,68083,certified,0.0038664062500000096
913,68086,certified,0.0038664062500000096
914,68087,certified,0.0038664062500000096
915,68088,certified,0.0038664062500000096
916,68089,certified,0.0038664062500000096
917,68090,certified,0.0038664062500000096
918,68091,certified,0.0038664062500000096
919,68094,certified,0.0038664062500000096
920,68095,certified,0.0019332031250000048
921,68256,certified,0.007732812500000019
922,68257,certified,0.007732812500000019
923,68258,certified,0.0038664062500000096
924,68259,certified,0.0038664062500000096
925,68260,certified,0.007732812500000019
926,68261,certified,0.007732812500000019
927,68262,certified,0.0038664062500000096
928,68263,certified,0.0038664062500000096
929,68264,certified,0.007732812500000019
930,68265,certified,0.0038664062500000096
931,68266,certified,0.0038664062500000096
932,68267,certified,0.0038664062500000096
933,68268,certified,0.0038664062500000096
934,68269,certified,0.0038664062500000096
935,68270,certified,0.0038664062500000096
936,68271,certified,0.0038664062500000096
937,68272,certified,0.007732812500000019
938,68273,certified,0.007732812500000019
939,68274,certified,0.0038664062500000096
940,68275,certified,0.0038664062500000096
941,68276,certified,0.007732812500000019
942,68277,certified,0.0038664062500000096
943,68278,certified,0.0038664062500000096
944,68279,certified,0.0038664062500000096
945,68280,certified,0.007732812500000019
946,68281,certified,0.0038664062500000096
947,68282,certified,0.0038664062500000096
948,68283,certified,0.0038664062500000096
949,68284,certified,0.0038664062500000096
950,68285,certified,0.0038664062500000096
951,68286,certified,0.0038664062500000096
952,68287,certified,0.0038664062500000096
953,68288,certified,0.007732812500000019
954,68289,certified,0.007732812500000019
955,68290,certified,0.007732812500000019
956,68291,certified,0.007732812500000019
957,68294,certified,0.007732812500000019
958,68295,certified,0.0038664062500000096
959,68296,certified,0.007732812500000019
960,68297,certified,0.007732812500000019
961,68298,certified,0.0038664062500000096
962,68299,certified,0.0038664062500000096
963,68302,certified,0.0038664062500000096
964,68303,certified,0.0038664062500000096
965,68304,certified,0.007732812500000019
966,68305,certified,0.007732812500000019
967,68306,certified,0.007732812500000019
968,68307,certified,0.0038664062500000096
969,68308,certified,0.007732812500000019
970,68309,certified,0.0038664062500000096
971,68310,certified,0.0038664062500000096
972,68311,certified,0.0038664062500000096
973,68312,certified,0.007732812500000019
974,68313,certified,0.0038664062500000096
975,68314,certified,0.0038664062500000096
976,68315,certified,0.0038664062500000096
977,68316,certified,0.0038664062500000096
978,68317,certified,0.0038664062500000096
979,68318,certified,0.0038664062500000096
980,68319,certified,0.0038664062500000096
981,68320,certified,0.007732812500000019
982,68321,certified,0.007732812500000019
983,68322,certified,0.007732812500000019
984,68323,certified,0.0038664062500000096
985,68324,certified,0.007732812500000019
986,68325,certified,0.0038664062500000096
987,68326,certified,0.0038664062500000096
988,68327,certified,0.0038664062500000096
989,68328,certified,0.007732812500000019
990,68329,certified,0.0038664062500000096
991,68330,certified,0.0038664062500000096
992,68331,certified,0.0038664062500000096
993,68332,certified,0.0038664062500000096
994,68333,certified,0.0038664062500000096
995,68334,certified,0.0038664062500000096
996,68335,certified,0.0038664062500000096
997,68336,certified,0.007732812500000019
998,68337,certified,0.0038664062500000096
999,68338,certified,0.0038664062500000096
